FITTING PMAD FOR DAD RNAI
k3 = 0.01739217702310202 +/- 0.007910845140122967
h2 = 1.0344698933110985 +/- 0.18399695592372786
FITTING PMAD FOR TKV
k2 = 3.29e-02 +/- 1.21e-02
h4 = 1.00e+01 +/- 1.24e+01
